ParName   Value   Gradient
theta[2]     0.242637    4.26e-006
theta[4]      19.8467 4.95499e-005
theta[5]      14.9931  -0.00116087
theta[7]     0.649078 -9.05605e-007
theta[9]    -0.492813 7.40123e-008
theta[13]     0.992333 -2.19561e-006
theta[14]     0.704018 2.09382e-006
theta[15]     0.871166 -9.07506e-007
theta[16]      0.68631 -1.68963e-006
theta[17]      0.50494 5.38824e-007
theta[18]     0.468398 7.43815e-007
theta[19]     0.297897   6.022e-007
theta[20]     0.330555 1.79518e-007
theta[21]     0.365686 1.43014e-006
theta[22]     0.157877 1.98397e-006
theta[23]     0.163626 7.64362e-007
theta[24]    0.0544687  2.5644e-006
theta[25]     0.117866  1.3209e-006
theta[26]    0.0268324 2.15163e-006
theta[27]    -0.180883 2.20956e-006
theta[28]    -0.344051 2.16531e-006
theta[29]    -0.675743 2.33597e-006
theta[30]     -1.12371 1.02259e-006
theta[31]     -1.14455 5.45494e-007
theta[52]      1.23891 -2.33743e-006
theta[53]      1.51581 -3.36384e-006
theta[54]      1.41168 -3.73475e-006
theta[55]      1.16047 -1.15899e-006
theta[56]      1.07463 -1.83576e-006
theta[57]     0.605433 -5.26543e-007
theta[58]     0.215553 -3.67548e-007
theta[59]   -0.0287365 -2.0651e-006
theta[60]    -0.222715 -2.69262e-007
theta[61]    -0.552198 4.08002e-006
theta[62]    -0.941313 -2.32742e-006
theta[63]     -1.19716 1.15882e-006
theta[64]     -1.42929 -2.7722e-006
theta[65]     -1.80244 3.70686e-007
theta[66]     -1.90957 1.69769e-006
theta[67]     -1.85015 -1.36111e-006
Grwth[21]      1.11009 1.04757e-007
Grwth[42]      1.46702 -1.71704e-006
Grwth[85]      140.723 8.69152e-006
Grwth[86]    0.0577328 -6.22406e-007
Grwth[87]      140.059 -3.18753e-005
Grwth[88]    0.0711354 -1.48374e-006
log_slx_pars[1]      4.74651 -1.49999e-005
log_slx_pars[2]      2.19615 1.97739e-006
log_slx_pars[3]      4.47162 -1.1095e-006
log_slx_pars[4]      1.84128 1.09652e-006
log_slx_pars[5]      5.11922 9.98079e-006
log_slx_pars[6]      2.81775 -6.10915e-006
log_slx_pars[7]      4.63743 -1.73028e-006
log_slx_pars[8]      2.16971 -1.41724e-008
log_slx_pars[9]       4.5099 2.79301e-006
log_slx_pars[10]     0.913481 1.57589e-008
log_slx_pars[11]      4.80154 5.84805e-006
log_slx_pars[12]      2.34696 -4.18496e-007
log_slx_pars[13]      4.18443 1.13232e-005
log_slx_pars[14]      2.29921 2.42382e-006
log_slx_pars[15]      3.63923 3.64015e-006
log_slx_pars[16]      3.23221 1.26944e-005
log_slx_pars[17]      4.42079  0.000171545
log_slx_pars[18]      2.42785 3.43402e-006
log_slx_pars[19]       4.9217 -5.62346e-007
log_slx_pars[20]     0.686447 -1.05921e-006
log_slx_pars[21]       4.9279 -4.10195e-005
log_slx_pars[22]     0.673603 7.18775e-007
log_fbar[1]     -1.49669 -1.73591e-005
log_fbar[2]     -4.29709 -3.9589e-005
log_fbar[3]     -5.45902 -1.62645e-005
log_fbar[4]     -6.64177 -1.71256e-005
log_fdev[1](1)     0.618348 -2.52879e-006
log_fdev[1](2)     0.624081 1.60434e-006
log_fdev[1](3)     0.569403 2.93734e-006
log_fdev[1](4)     0.688081 2.57324e-006
log_fdev[1](5)     0.912695 3.01156e-006
log_fdev[1](6)      1.79733 3.36968e-006
log_fdev[1](7)      2.31154 -1.41576e-007
log_fdev[1](8)     0.665194 7.78755e-008
log_fdev[1](9)     -9.03078 -3.21132e-006
log_fdev[1](10)      1.02801 -2.79005e-006
log_fdev[1](11)      1.09323 -2.82112e-006
log_fdev[1](12)      1.29292 3.40786e-006
log_fdev[1](13)     0.841624 2.44054e-006
log_fdev[1](14)   -0.0949621 -5.67959e-006
log_fdev[1](15)    0.0236393 1.16086e-006
log_fdev[1](16)     0.665896 -6.13525e-006
log_fdev[1](17)     0.672907 -3.49999e-006
log_fdev[1](18)     0.151044 7.73179e-006
log_fdev[1](19)     0.822697 -3.76692e-006
log_fdev[1](20)     -4.32393 -5.53109e-006
log_fdev[1](21)       -4.724 -5.29682e-006
log_fdev[1](22)    -0.234094 -7.64734e-006
log_fdev[1](23)    -0.168834 -9.44535e-006
log_fdev[1](24)     0.795775 2.16847e-006
log_fdev[1](25)      0.38641 6.04732e-006
log_fdev[1](26)    -0.212023 -1.36507e-006
log_fdev[1](27)     -0.29524 -4.21457e-006
log_fdev[1](28)    -0.187125 -5.1021e-006
log_fdev[1](29)     0.276738  3.1209e-006
log_fdev[1](30)     0.233156 -1.36516e-006
log_fdev[1](31)     0.509896 2.66523e-006
log_fdev[1](32)     0.246177 5.02155e-006
log_fdev[1](33)     0.612122 4.99894e-006
log_fdev[1](34)     0.775266 -1.11389e-006
log_fdev[1](35)     0.569422 4.31195e-006
log_fdev[1](36)     0.420079 1.13339e-005
log_fdev[1](37)     -0.21827 -2.23129e-006
log_fdev[1](38)     -0.29534 2.30062e-007
log_fdev[1](39)    -0.129205 6.20573e-006
log_fdev[1](40)     0.189804 4.21543e-006
log_fdev[1](41)     0.213985 -3.59149e-006
log_fdev[1](42)     0.153851 -8.72521e-006
log_fdev[1](43)    0.0112264 -4.20388e-006
log_fdev[1](44)    -0.258751 -1.89097e-005
log_fdev[2](1)     0.110775 -2.87307e-006
log_fdev[2](2)     0.575224 -1.0939e-005
log_fdev[2](3)     0.573205  6.8605e-006
log_fdev[2](4)     0.654862 -6.47985e-006
log_fdev[2](5)      1.37454 1.29303e-006
log_fdev[2](6)      1.10533 -2.74173e-006
log_fdev[2](7)      2.38187 -7.30178e-007
log_fdev[2](8)       2.1205 -2.93311e-006
log_fdev[2](9)      3.36737 -1.76461e-006
log_fdev[2](10)      2.17211 -1.03392e-006
log_fdev[2](11)       1.1093 -1.25807e-007
log_fdev[2](12)     0.656396 -5.2389e-006
log_fdev[2](13)      1.43227 -9.62018e-006
log_fdev[2](14)   0.00189485 1.30193e-005
log_fdev[2](15)     0.451877 -1.3563e-005
log_fdev[2](16)     0.866478 2.30612e-006
log_fdev[2](17)     0.697619 -5.97858e-006
log_fdev[2](18)      1.17484 -6.73421e-006
log_fdev[2](19)    -0.586426 1.26659e-006
log_fdev[2](20)    -0.864882 4.95568e-006
log_fdev[2](21)    -0.784351 -5.62899e-006
log_fdev[2](22)     -1.23664 -1.45154e-005
log_fdev[2](23)    0.0801791 -2.62291e-006
log_fdev[2](24)    -0.212564 -1.02722e-005
log_fdev[2](25)    -0.982402 -3.17992e-006
log_fdev[2](26)    -0.217291 -5.09848e-006
log_fdev[2](27)    -0.519434 6.29029e-006
log_fdev[2](28)    -0.615219 -5.03123e-006
log_fdev[2](29)     -0.38542 -7.31357e-006
log_fdev[2](30)    -0.668565 -2.09569e-006
log_fdev[2](31)    -0.508625 -3.15318e-006
log_fdev[2](32)    -0.439238 2.40496e-006
log_fdev[2](33)    -0.479374 -4.39576e-007
log_fdev[2](34)    -0.851345 2.05723e-006
log_fdev[2](35)     -1.01667 -6.62592e-006
log_fdev[2](36)     -1.48514 -5.37045e-007
log_fdev[2](37)     -2.01012 -2.97458e-006
log_fdev[2](38)     -1.30766  2.1993e-008
log_fdev[2](39)     -1.90336 -4.30102e-006
log_fdev[2](40)     -1.53875 -2.81894e-006
log_fdev[2](41)     -1.00287 -1.73491e-005
log_fdev[2](42)    -0.614897 1.76982e-005
log_fdev[2](43)    -0.675404 -1.15714e-005
log_fdev[3](1)   -0.0388697 -6.84177e-006
log_fdev[3](2)   -0.0388044 -2.70184e-006
log_fdev[3](3)      1.75361 -2.54207e-006
log_fdev[3](4)      1.44878 2.10528e-006
log_fdev[3](5)      1.67528 2.41144e-006
log_fdev[3](6)      2.55377 -1.36323e-006
log_fdev[3](7)      1.44257 -2.34581e-006
log_fdev[3](8)      1.60037 -6.21587e-006
log_fdev[3](9)    -0.247084 7.02979e-006
log_fdev[3](10)     0.927818 -2.64239e-006
log_fdev[3](11)     0.454239 3.75008e-007
log_fdev[3](12)     0.939207 1.42808e-006
log_fdev[3](13)      1.65214 -3.90481e-006
log_fdev[3](14)      1.65998 3.12187e-006
log_fdev[3](15)      3.00932 -4.50374e-006
log_fdev[3](16)      1.05862 -3.8987e-006
log_fdev[3](17)     0.334249 7.83019e-006
log_fdev[3](18)     -2.99336 -3.43249e-007
log_fdev[3](19)     -3.95079 -8.4987e-007
log_fdev[3](20)     -3.72765 -6.92065e-007
log_fdev[3](21)     -3.72764 -7.46832e-008
log_fdev[3](22)     -4.64394 -2.82223e-006
log_fdev[3](23)     -1.13323 1.08616e-006
log_fdev[3](24)    -0.234802  1.5377e-006
log_fdev[3](25)      0.22622 -6.14493e-008
log_fdev[4](1)     0.736874  1.1216e-005
log_fdev[4](2)    0.0881393 -2.22808e-006
log_fdev[4](3)    -0.116505 6.50448e-006
log_fdev[4](4)     0.789959 1.24569e-005
log_fdev[4](5)     -1.64799 4.21063e-006
log_fdev[4](6)     0.304674  2.9493e-006
log_fdev[4](7)    0.0454949 8.88783e-007
log_fdev[4](8)    -0.790659 1.08724e-005
log_fdev[4](9)    -0.619117 -1.18116e-006
log_fdev[4](10)    -0.348742 3.69385e-006
log_fdev[4](11)    -0.402082 -5.6535e-006
log_fdev[4](12)     0.139539 5.65084e-006
log_fdev[4](13)    -0.569636 -3.50444e-006
log_fdev[4](14)     -1.58168 1.55842e-007
log_fdev[4](15)     -2.47574 1.37526e-007
log_fdev[4](16)    -0.964495 -1.30606e-005
log_fdev[4](17)    -0.417124 1.64822e-005
log_fdev[4](18)     0.718039 -3.86359e-006
log_fdev[4](19)      1.54446 1.34806e-006
log_fdev[4](20)      1.19885 -3.1705e-006
log_fdev[4](21)       0.3233 -2.57014e-006
log_fdev[4](22)      1.91921 -6.43567e-007
log_fdev[4](23)      2.12523 2.87376e-007
log_foff[1]     -2.89637 -2.47003e-005
log_foff[3]     0.507888  -2.011e-005
log_fdov[1](1)      2.07057 -2.98371e-006
log_fdov[1](2)    -0.601571 -1.18539e-006
log_fdov[1](3)      2.07044 1.68826e-006
log_fdov[1](4)      1.90864 -3.78245e-006
log_fdov[1](5)    -0.334819 -1.86799e-006
log_fdov[1](6)    -0.109899 -1.69743e-006
log_fdov[1](7)     -3.64756 -6.9079e-006
log_fdov[1](8)    -0.303713 -2.71836e-006
log_fdov[1](9)      1.48532 -4.98316e-007
log_fdov[1](10)     -2.72225 -7.77712e-008
log_fdov[1](11)      1.21405 -2.23489e-007
log_fdov[1](12)     0.936407  1.5558e-006
log_fdov[1](13)      -1.8104 1.60345e-006
log_fdov[1](14)      1.25762 -1.46671e-006
log_fdov[1](15)     0.472709 2.87312e-006
log_fdov[1](16)      1.02223 2.09938e-006
log_fdov[1](17)     -1.16966 -6.37991e-006
log_fdov[1](18)    -0.121051 -1.70331e-006
log_fdov[1](19)    -0.384454 2.62447e-006
log_fdov[1](20)    -0.581038 -1.42654e-006
log_fdov[1](21)    -0.114817 3.03427e-006
log_fdov[1](22)     -1.06042 -9.65979e-008
log_fdov[1](23)     -1.70512 -2.78176e-006
log_fdov[1](24)      0.31742 3.35359e-006
log_fdov[1](25)    -0.280029 -1.82276e-006
log_fdov[1](26)      0.88898 3.16933e-006
log_fdov[1](27)     0.343282 -2.16817e-006
log_fdov[1](28)   -0.0951817  6.6465e-006
log_fdov[1](29)      1.05141 8.63537e-007
log_fdov[3](1) -0.000127034 -5.79366e-007
log_fdov[3](2) -0.000343999 3.13461e-006
log_fdov[3](3) 1.06569e-005 4.62964e-006
log_fdov[3](4)  0.000383222 -1.8622e-006
log_fdov[3](5)  0.000346007 5.49354e-006
log_fdov[3](6)  -0.00211998 2.80558e-006
log_fdov[3](7) -0.000785668 2.99575e-007
log_fdov[3](8) -0.000393407 1.21005e-006
log_fdov[3](9) -0.000409845  6.8494e-006
log_fdov[3](10)  0.000223215  2.7262e-006
log_fdov[3](11)  0.000323088 1.56652e-007
log_fdov[3](12)   0.00159446 2.15492e-006
log_fdov[3](13)   0.00275028 7.51325e-006
log_fdov[3](14)   0.00393503 1.97365e-006
log_fdov[3](15)     0.499413 -6.43108e-006
log_fdov[3](16)     0.744065 -8.66051e-006
log_fdov[3](17)     -0.45154 -5.44783e-007
log_fdov[3](18) -0.000484779 1.88595e-006
log_fdov[3](19) -0.000484025 2.33535e-006
log_fdov[3](20)  -0.00048111 2.04251e-006
log_fdov[3](21) -0.000494372 3.47114e-006
log_fdov[3](22) -0.000492839 2.39678e-006
log_fdov[3](23)    0.0185303 -3.75122e-006
log_fdov[3](24)    -0.708155 -2.32955e-006
log_fdov[3](25)    -0.105262 -3.68629e-006
rec_dev_est(1975)      2.35078 -1.53497e-006
rec_dev_est(1976)      1.98948 -1.68432e-006
rec_dev_est(1977)      2.41619 -4.13096e-006
rec_dev_est(1978)      3.03195 -1.03094e-005
rec_dev_est(1979)      3.32903 -1.26334e-005
rec_dev_est(1980)      2.55804 -9.16172e-006
rec_dev_est(1981)      3.69796 -1.41014e-005
rec_dev_est(1982)      2.70633 -1.09909e-005
rec_dev_est(1983)      2.31751 -1.98131e-005
rec_dev_est(1984)     0.376803 -8.65621e-006
rec_dev_est(1985)      1.55038 -2.87052e-005
rec_dev_est(1986)     0.376073 -9.95884e-006
rec_dev_est(1987)   -0.0918428 -8.39561e-006
rec_dev_est(1988)    0.0945469 -1.13292e-005
rec_dev_est(1989)      1.18705 -2.24574e-005
rec_dev_est(1990)     0.656974 -1.59172e-005
rec_dev_est(1991)     -1.06279 -2.61536e-006
rec_dev_est(1992)     0.307799 -1.00014e-005
rec_dev_est(1993)     -1.75296 -1.26682e-006
rec_dev_est(1994)      2.22467 -3.67382e-005
rec_dev_est(1995)     0.223633 -6.45122e-006
rec_dev_est(1996)      -0.4703 -2.61618e-006
rec_dev_est(1997)     0.647518 -7.16912e-006
rec_dev_est(1998)      1.60291 -2.03735e-005
rec_dev_est(1999)     0.695135 -8.81926e-006
rec_dev_est(2000)     0.654641 -7.83437e-006
rec_dev_est(2001)      2.06281 -3.11771e-005
rec_dev_est(2002)     0.500076 -8.82514e-006
rec_dev_est(2003)     0.570267 -1.17215e-005
rec_dev_est(2004)      1.85766 -3.88762e-005
rec_dev_est(2005)      1.09695 -2.14875e-005
rec_dev_est(2006)     0.721035 -1.85131e-005
rec_dev_est(2007)     0.135619 -1.05962e-005
rec_dev_est(2008)     0.212918 -1.57277e-005
rec_dev_est(2009)      1.28236 -4.07554e-005
rec_dev_est(2010)     0.713281 -3.21382e-005
rec_dev_est(2011)      0.25506 -1.68253e-005
rec_dev_est(2012)   -0.0794132 -1.07011e-005
rec_dev_est(2013)    -0.742808 -4.26131e-006
rec_dev_est(2014)     -0.21108 -8.25346e-006
rec_dev_est(2015)     0.287982 -8.27474e-006
rec_dev_est(2016)    -0.686276 -5.95388e-007
rec_dev_est(2017)    -0.207877 -1.12998e-006
rec_dev_est(2018)     -1.28322 -2.03948e-007
logit_rec_prop_est(1975)     -0.12192 6.03653e-005
logit_rec_prop_est(1976)    -0.583102 3.96389e-005
logit_rec_prop_est(1977)    -0.143756 3.39214e-005
logit_rec_prop_est(1978)    -0.384998 4.39089e-005
logit_rec_prop_est(1979)     0.123108 2.17514e-005
logit_rec_prop_est(1980)     0.301611 2.03584e-005
logit_rec_prop_est(1981)     0.407808 1.26434e-005
logit_rec_prop_est(1982)     0.483912 2.55383e-005
logit_rec_prop_est(1983)  0.000486653 7.91263e-006
logit_rec_prop_est(1984)     0.420889 4.23905e-005
logit_rec_prop_est(1985)    -0.390627 -2.06209e-005
logit_rec_prop_est(1986)     0.330174 1.36789e-005
logit_rec_prop_est(1987)   -0.0215221 8.71834e-006
logit_rec_prop_est(1988)     0.622878 5.55911e-006
logit_rec_prop_est(1989)    -0.170928 3.59192e-005
logit_rec_prop_est(1990)     0.328875 6.38666e-006
logit_rec_prop_est(1991)     0.523404 2.63749e-005
logit_rec_prop_est(1992)     0.193127 3.06801e-005
logit_rec_prop_est(1993)     -1.75757 2.91912e-005
logit_rec_prop_est(1994)    -0.209096 4.01413e-005
logit_rec_prop_est(1995)      1.60255 2.92598e-005
logit_rec_prop_est(1996)     0.435325 2.64797e-005
logit_rec_prop_est(1997)     0.510152 1.45657e-005
logit_rec_prop_est(1998)   -0.0260767 -1.25258e-005
logit_rec_prop_est(1999)     0.287267 1.46272e-005
logit_rec_prop_est(2000)    -0.672681 1.84402e-005
logit_rec_prop_est(2001)    -0.381005 -2.22398e-005
logit_rec_prop_est(2002)    -0.539933 5.99784e-006
logit_rec_prop_est(2003)   0.00333098 -5.78039e-006
logit_rec_prop_est(2004)    -0.406522 -0.000103565
logit_rec_prop_est(2005)    0.0140265 -6.83088e-005
logit_rec_prop_est(2006)     0.325551 -6.49703e-005
logit_rec_prop_est(2007)    -0.175992 -3.64189e-005
logit_rec_prop_est(2008)    -0.321717 -5.51714e-005
logit_rec_prop_est(2009)    -0.797828 -0.000172307
logit_rec_prop_est(2010)    -0.180973 -0.000118401
logit_rec_prop_est(2011)    -0.452224 -5.53873e-005
logit_rec_prop_est(2012)     0.266419 -1.50896e-005
logit_rec_prop_est(2013)    -0.151164 1.21958e-005
logit_rec_prop_est(2014)  -0.00500868 4.63111e-006
logit_rec_prop_est(2015)     0.208724   9.053e-006
logit_rec_prop_est(2016)      0.47127  3.2517e-005
logit_rec_prop_est(2017)     0.462898  3.4122e-005
logit_rec_prop_est(2018)    -0.429146 2.58472e-005
m_dev_est[1]      1.64325 1.08503e-005
m_mat_mult[1]            0            0
m_mat_mult[2]            0            0
survey_q[1]     0.946633 -3.04702e-005
log_add_cv[2]    -0.952299 -3.75499e-006
